[33m[ test 01: examples on the subject ][0m
[36m[ ex01 ][0m
[35mm1: [0m
[ 1 0 0
  0 1 0
  0 0 1 ]
[35mm1⁻¹: [0m
[ 1 0 0
  0 1 0
  0 0 1 ]

[36m[ ex02 ][0m
[35mm2: [0m
[ 2 0 0
  0 2 0
  0 0 2 ]
[35mm2⁻¹: [0m
[ 0.5 0 0
  0 0.5 0
  0 0 0.5 ]

[36m[ ex03 ][0m
[35mm3: [0m
[ 8 5 -2
  4 7 20
  7 6 1 ]
[35mm3⁻¹: [0m
[ 0.649425 0.0977011 -0.655172
  -0.781609 -0.126437 0.965517
  0.143678 0.0747126 -0.206897 ]


[33m[ test 02 ][0m
[36m[ 1 by 1 matrix ][0m
[35mm1: [0m
[ 3 ]
[35mm1⁻¹: [0m
[ 0.333333 ]

[36m[ 2 by 2 matrix ][0m
[35mm2: [0m
[ 11 -12
  -13 14 ]
[35mm2⁻¹: [0m
[ -7 -6
  -6.5 -5.5 ]

[36m[ 3 by 3 matrix ][0m
[35mm3: [0m
[ 1.1 5.5 -2.7
  86.1 7.3 21
  1.3 5.2 19 ]
[35mm3⁻¹: [0m
[ -0.00295057 0.0118563 -0.0135236
  0.160891 -0.00244147 0.0255619
  -0.0438315 -0.000143028 0.046561 ]

[36m[ 4 by 4 matrix ][0m
[35mm4: [0m
[ 1 3.3 2.2 12.3
  3 8.8 6.3 3.4
  3.5 5.9 8 4
  6.7 3.8 10 9.2 ]
[35mm4⁻¹: [0m
[ -0.155449 0.399104 -0.760013 0.390773
  0.00375069 0.219384 -0.144971 -0.0230604
  0.0206204 -0.319307 0.564569 -0.155029
  0.0892444 -0.0341949 -0.000295605 0.00214553 ]


[33m[ test 03 ][0m
[36m[ 3 by 3 matrix ][0m
[35mm1: [0m
[ 1 2 3
  4 5 6
  7 8 9 ]
[35mm1⁻¹: [0m

[36m[ 4 by 4 matrix ][0m
[35mm2: [0m
[ 11 12 13 14
  15 16 17 18
  19 20 21 22
  23 24 25 26 ]
[35mm2⁻¹: [0m


[33m[ test 04 ][0m
[36m[ 2 by 3 matrix ][0m
[35mm1: [0m
[ 1 2 3
  4 5 6 ]
[35mm1⁻¹: [0m

[36m[ 3 by 4 matrix ][0m
[35mm2: [0m
[ 11 12 13 14
  15 16 17 18
  19 20 21 22 ]
[35mm2⁻¹: [0m

to check the answers:
https://www.emathhelp.net/en/linear-algebra-calculator/?action=matrix%20inverse
